$ 1 3.125e-8 0.01470964673929768 42 5 43 5e-11
r 304 208 304 272 0 1000000
r 240 352 160 352 0 220
r 544 208 544 272 0 220
c 384 208 384 272 0 1e-8 0.001 0.001
c 464 208 464 272 0 0.000001 0.001 0.001
c 640 496 640 560 0 1e-9 0.001 0.001
c 112 448 192 448 0 1e-9 0.001 0.001
d 272 432 272 352 2 default
d 272 560 272 480 2 default
f 656 288 704 288 33 1.5 0.02
f 656 352 704 352 32 1.5 0.02
f 496 448 544 448 32 1.5 0.02
f 368 512 416 512 32 1.5 0.02
w 304 208 384 208 0
w 384 208 464 208 0
w 544 208 464 208 0
w 544 352 544 432 0
w 240 448 272 448 0
w 272 448 272 480 0
w 272 448 272 432 0
w 240 352 272 352 0
w 304 288 304 512 0
w 304 512 368 512 0
w 416 448 496 448 0
w 272 448 416 448 0
w 416 528 416 560 0
w 272 560 416 560 0
w 416 560 544 560 0
g 416 560 416 592 0 0
g 384 320 384 336 0 0
g 464 320 464 336 0 0
w 544 464 544 560 0
w 640 560 544 560 0
w 640 496 640 352 0
w 656 352 640 352 0
w 544 352 640 352 0
w 544 272 544 352 0
w 656 288 640 288 0
w 640 288 640 352 0
w 704 304 704 320 0
w 704 336 704 320 0
w 704 368 704 560 0
w 704 560 640 560 0
w 704 272 704 208 0
w 704 208 544 208 0
w 704 320 816 320 0
x 327 155 373 158 4 24 Alim
x 112 280 152 283 4 24 /EN
w 304 272 304 288 0
w 304 288 112 288 0
w 160 352 16 352 0
x 112 340 173 343 4 24 MOSI
x 112 437 161 440 4 24 SCK
x 748 306 815 309 4 24 DOUT
R 304 208 304 144 0 0 40 5 0 0 0.5
g 112 288 64 288 0 0
v 112 544 112 448 0 2 1000000 5 25 0 0.5
g 112 544 112 576 0 0
g 16 544 16 576 0 0
v 16 544 16 448 0 2 125000 5 25 0 0.5
w 16 448 16 352 0
w 416 496 416 448 0
r 192 448 240 448 0 1
r 384 272 384 320 0 1
r 464 272 464 320 0 1
